11111111111111111111111111111111111111111111111111111111111
11000000010000000000000000000000000000000000000000000000001
11000000010000000000000000000000000000000000000000000000001
11000000010000000000000000000000000000000000000000000000001
11000000010000000000000000000000000000000000000000000000001
11000000010000000000000000000000000000000000000000000000001
11000000010000000000000000000000000000000000000000000000001
11000000010000000000000000000000000000000000000000000000001
11000000010000000000000000000000000000000000000000000000001
11000000010000000000000000000000000000000000000000000000001
11000000010000000000000000000000000000000000000000000000001
11000000010000000000000000000000000000000000000000000000001
11000000010000000000000000000000000000000000000000000000001
11000000010000000000000000000000000000000000000000000000001
11000000010000000000000000000000000000000000000000000000001
11000000010000000000000000000000000000000000000000000000001
11000000010000000000000000000000000000000000000000000000001
11000000010000000000000000000000000000000000000000000000001
11000000010000000000000000000000000000000000000000000000001
11111111111111111111111111111111111111111111111111111111111
